414.823700 -3.467255 -185.157104
656.607422 172.778000 -203.068970
554.126648 163.363846 -142.286987
414.823700 -3.467255 -185.157104
548.194031 189.497726 -185.301514
487.589569 69.361679 -184.065186
414.823700 -3.467255 -185.157104
414.823700 -3.467255 -185.157104
572.307190 174.023239 -132.498779
414.823700 -3.467255 -185.157104
648.366455 207.074844 -208.077881
548.500183 177.650192 -144.007324
414.823700 -3.467255 -185.157104
580.821838 209.472031 -197.789185
499.338928 161.542648 -168.628906
414.823700 -3.467255 -185.157104
648.308411 192.044266 -202.435669
414.823700 -3.467255 -185.157104
547.824341 165.990646 -146.799561
566.199341 180.278061 -133.954834
414.823700 -3.467255 -185.157104
414.823700 -3.467255 -185.157104
569.719666 158.581833 -134.490601
512.292175 161.930435 -162.291870
414.823700 -3.467255 -185.157104
573.539734 181.386765 -129.407898
546.490967 171.222153 -146.016846
414.823700 -3.467255 -185.157104
551.895264 155.709549 -144.633179
574.846191 185.468643 -135.796387
547.469788 182.658066 -154.148804
414.823700 -3.467255 -185.157104
414.823700 -3.467255 -185.157104
416.731567 -6.047928 -183.128052
414.823700 -3.467255 -185.157104
595.075439 191.910751 -134.032715
562.321045 164.825272 -138.512146
504.072357 174.842209 -179.804321
414.823700 -3.467255 -185.157104
414.823700 -3.467255 -185.157104
555.029663 177.047470 -140.074585
553.838989 151.510269 -144.945801
554.954346 184.465195 -149.404663
414.823700 -3.467255 -185.157104
414.823700 -3.467255 -185.157104
579.915100 180.909317 -124.395142
414.823700 -3.467255 -185.157104
414.823700 -3.467255 -185.157104
278.777100 -47.450928 -160.777466
552.963135 178.259048 -143.686401
559.808167 172.211319 -137.587769
567.890991 169.527664 -134.768799
414.823700 -3.467255 -185.157104
567.855225 178.846481 -132.702271
414.823700 -3.467255 -185.157104
528.818237 208.726242 -195.798828
566.383545 161.594040 -138.065674
573.888123 174.909164 -131.847351
414.823700 -3.467255 -185.157104
414.823700 -3.467255 -185.157104
419.217773 12.066299 -185.084229
414.823700 -3.467255 -185.157104
575.673645 163.099014 -131.774292
414.823700 -3.467255 -185.157104
